{
    "language": 0,
    "sensitivity": 2.135740280151367,
    "musicVolume": -3.1443369388580324,
    "SFXVolume": -6.484508037567139
}